version https://git-lfs.github.com/spec/v1
oid sha256:18daea1b5d5486f84cd10a050cf7b842c740c38da012191bd2217fb756690e75
size 29497
